1.029796 0.882187
0.289999 -0.630785
0.768452 0.561467
-0.888504 -1.205701
-0.445184 -1.326241
-0.386372 -0.837275
0.984726 1.135088
-0.281001 -0.816134
-1.311569 -1.370243
-0.944719 0.043164
-0.734254 -1.054582
-0.998814 -1.733192
1.188707 0.572857
-1.048250 -0.929658
-1.543477 -1.032858
0.638350 -0.205839
-0.655590 -1.594987
1.037315 2.308702
-1.389136 -2.003823
0.990551 0.431017
-0.860933 -0.144003
0.215999 -0.626004
1.809765 1.949255
0.436582 -0.472487
1.572041 0.810233
0.929285 -0.069632
0.787059 -0.185560
0.877448 1.047279
0.308827 -0.494359
0.332574 -0.629322
-0.152675 -1.070865
1.127163 0.225152
-0.202733 -1.176598
-1.948159 -2.862541
-0.008579 -1.000871
1.987772 2.021108
-1.280135 -2.246091
-0.796056 -1.080958
-0.391647 -0.614433
1.083227 0.421667
-0.567727 -1.285924
1.921210 2.801281
0.311740 -0.366149
1.946831 2.574278
1.319182 1.189464
1.469844 1.116526
-1.989468 0.842251
-1.007636 -1.978884
-1.860449 1.737534
0.493170 0.253779
1.320400 1.617201
-0.006031 -0.995688
0.958636 -0.036643
-0.329442 -1.004722
-1.642827 -1.383898
-1.462431 -2.329056
-1.733447 1.066467
0.677048 0.347016
-1.003750 0.538745
-0.941792 0.792387
-0.304384 -0.908827
-0.118605 -0.940518
1.408920 0.711691
-1.740370 -2.324527
-0.112347 -1.070856
-1.182254 -2.040769
1.077672 0.263166
-1.917800 2.808228
1.624504 2.638396
-1.113629 -1.984514
1.528806 3.712397
-0.632857 -1.583148
-1.592901 -0.513099
-0.965140 -0.846377
0.641606 0.348616
1.149854 3.274992
0.212018 0.075727
-0.355802 -1.275485
0.203525 -0.630471
-0.782039 -1.293381
1.116830 1.826725
1.096059 0.611522
-1.884246 -2.197998
1.434887 0.832067
-0.124762 -1.042498
-0.926879 -1.506362
-1.323118 -1.441642
1.807280 5.211829
0.330303 -0.437171
0.043394 -0.925122
-0.456413 -1.295897
-1.345886 2.863356
1.987776 1.262369
0.881218 -0.086374
-0.518770 -1.428943
1.070599 0.794003
-1.325186 -1.072301
0.030383 -0.940407
0.877582 0.645221
-1.936644 -0.975683
1.112660 0.120300
1.492629 2.912219
1.088762 0.704969
1.576544 3.982013
-0.314365 -1.203543
1.611670 3.113077
1.138755 1.362157
-0.140369 -0.894900
0.397599 0.191111
-0.874093 -1.577298
0.143889 -0.756331
0.272797 -0.474751
0.038396 -0.934280
-0.021639 -1.008430
0.003949 -0.982181
-1.429793 -1.665117
-1.909630 -2.402099
0.906974 0.369694
-1.001673 -0.634084
-0.359137 0.311910
1.986585 2.730438
1.024095 2.143711
1.313682 0.824689
-1.596451 -1.125209
1.546067 2.388099
1.303214 4.798768
-0.608739 0.719104
0.459066 -0.535709
-0.280239 -1.123103
-0.842905 -0.994229
-0.250160 -1.249206
0.271984 -0.469614
-1.122770 -1.910190
1.190392 0.818005
-0.422730 -0.882789
-1.462529 -1.647721
0.998409 1.441837
-1.033426 -0.793887
-1.704704 -1.077693
-1.098810 -1.590701
1.253807 0.356323
-0.467270 -0.878445
0.415171 -0.432818
-1.051346 1.231226
-1.704506 0.107655
-1.996316 2.290808
0.899621 0.087061
-1.285268 -2.201229
-0.236722 -1.209669
-1.211876 -1.909268
0.614385 -0.040907
-0.585212 -1.085596
1.309707 1.738911
-0.964626 -0.924620
0.886815 2.238459
-1.622998 -0.840303
0.041710 -0.916662
-1.339053 -1.732599
-0.400724 -1.081773
1.500550 2.396334
-0.364868 -1.054019
0.836201 0.524342
-1.324954 0.254601
1.063373 0.924456
1.233541 0.978895
-0.281548 -1.146944
-0.845479 -1.368067
-1.004567 0.664778
1.812372 5.520951
-0.556178 -1.458773
0.661774 -0.295838
1.171668 3.160933
1.426204 0.567877
1.854276 2.663749
-0.319128 0.035247
0.248082 -0.127651
1.806373 1.234747
-1.244082 -2.231588
-1.108289 -1.822108
-1.084235 -1.556845
-0.117434 -1.104041
-0.606957 -0.846809
0.377322 -0.237161
-0.783329 -1.037220
1.449114 0.611206
-1.086911 -0.570021
0.727100 -0.206309
-0.706892 -0.838159
-0.339110 -1.171768
-0.320433 -1.317129
-0.775929 -1.267070
-0.724867 -1.218509
-0.726130 -1.672244
-1.932044 -2.696492
-1.024214 -1.258455
0.593494 -0.045073
1.150024 0.178651
-0.714082 -1.097437
0.559389 1.788918
0.089214 -0.894302
1.727426 4.827331
0.977446 0.224273
0.341778 0.025501
-0.487409 -0.987925
0.288433 0.122744
-1.964554 1.050392
0.271516 -0.540966
-0.288806 -1.287562
-1.575342 -1.848318
1.192862 0.552510
-1.766884 -2.568191
-1.263361 -1.969548
-1.006197 -1.801875
0.126644 -0.842303
-0.424230 0.313832
-0.363053 -1.315067
-0.310744 -1.125101
-0.271525 -0.870689
1.824175 8.176999
0.291522 -0.626120
-1.211896 -1.316635
1.517118 0.746968
-1.039855 -1.595504
-1.203311 -1.001477
1.974630 2.730462
0.754481 -0.025353
-0.623196 -1.415074
-0.234753 -1.152215
-1.747356 -2.382901
0.267416 -0.494739
-1.305162 -1.428457
1.046413 2.058025
1.651141 6.009159
0.656269 1.473434
1.850376 1.054699
1.036073 1.353339
-0.504162 -1.370999
1.081221 0.191156
1.050235 2.557748
0.328052 -0.568599
1.561100 2.252749
1.825757 3.294160
-1.985950 -0.907816
0.897380 1.635221
-1.067214 -0.521457
-0.947695 0.559534
1.281144 1.093751
-0.353686 -0.616796
-1.050558 1.562091
-0.496652 -1.316823
1.224521 2.047255
0.487548 0.607896
-1.892054 -2.597183
1.432132 2.616379
-1.214385 -2.107722
0.980504 0.640351
-0.300720 -1.160319
-0.516224 -1.242127
1.656770 1.138191
-0.032424 -0.954646
0.905503 0.943497
-0.266584 -1.136895
-0.902579 -1.421620
1.635038 4.252925
-1.132701 -1.416732
1.792170 0.995466
-0.567030 -1.552294
0.532828 0.662010
-1.243437 -2.129175
-0.195055 -1.017673
-0.927294 -0.752166
0.385524 -0.584572
1.205628 0.523991
-0.397890 -0.828097
-1.486206 -0.936843
-0.772880 -1.553438
1.549458 0.763751
1.769497 6.764611
0.764540 -0.102545
-1.004229 -1.203131
-0.281839 -0.372129
1.189193 2.997476
-1.810524 -2.231056
-0.328896 -1.279253
1.088531 2.308192
0.278456 -0.321409
-0.773588 -1.627344
0.329646 0.040940
-1.090553 -0.571957
-1.083739 -1.744462
0.191456 -0.785494
0.904126 1.491796
1.698697 1.419621
-1.574722 -2.332803
1.060362 1.374706
1.138187 0.214273
0.747654 -0.058942
0.734047 0.363904
-0.395389 -0.059802
-0.454684 -1.073916
-0.043569 -1.031454
-0.772305 -1.416248
-1.143947 -2.035699
-0.740585 0.930203
0.707333 -0.202667
-1.634017 3.185202
-1.661117 -0.368293
0.833099 -0.141969
0.717361 0.827453
-0.489336 -1.171412
-1.971458 -2.235054
-1.266772 -0.340188
-0.674325 -1.629900
-1.090874 -1.923993
-1.494868 -2.201324
-0.554046 -1.071722
-0.384603 -1.191963
0.720034 0.933003
-1.000496 -1.903548
1.260762 1.414569
0.506025 0.074538
-1.045238 -2.012136
1.252711 0.437526
-1.173217 3.189126
-1.904392 -2.008912
-0.247675 -0.700138
0.645954 -0.239976
-1.664855 -1.997129
-0.869628 0.677307
-0.866851 -1.593961
-0.236813 -1.161970
0.877541 0.584161
-1.496178 1.897125
-0.865409 -1.723231
-1.066803 -1.378084
1.094608 0.098118
-1.888945 -2.754180
-0.805735 1.068531
1.772092 4.772277
-1.798460 -2.459579
1.147743 1.144703
0.209379 -0.542047
-1.158351 -2.041954
-0.893989 -1.061992
1.078734 0.155836
0.634278 0.525986
1.154655 5.628243
0.211575 -0.274400
1.810344 1.288417
0.411282 -0.493963
-1.641173 1.715728
1.228515 0.471150
-0.983668 0.535164
0.837293 0.163724
0.322724 -0.308913
1.276644 0.496469
-1.427579 -1.200049
-1.961878 -2.959000
1.052978 0.617452
-1.555383 -1.236097
-1.876132 -1.759537
-0.218319 -0.852745
1.129279 0.204967
0.238887 -0.181057
0.591444 1.307757
-0.848006 -1.273496
-1.933366 -0.789084
-1.075992 -1.797385
-1.985246 -1.682998
1.413933 2.179522
1.839243 1.619311
1.093325 0.943652
0.477390 0.249428
0.758335 2.895927
-1.779313 -2.190572
-0.750539 -1.742820
0.407842 -0.321560
0.260138 -0.525438
-1.156109 -1.855367
-1.698142 -2.562440
0.046682 -0.937766
-1.561464 -0.314438
-1.829646 -0.598123
-1.019187 -1.478383
1.692313 1.049300
-1.391993 -1.461254
1.922571 4.946433
0.087098 -0.888208
-0.158314 -1.039879
1.266501 1.691562
-0.990485 -1.904601
0.075153 -0.752654
0.435519 -0.150361
-1.324480 -2.199741
-0.920491 -1.353946
1.363411 1.505995
0.516876 0.149630
-1.346512 -2.264347
-1.926286 -0.472754
1.620577 2.134306
-0.310843 -0.184565
-1.659977 -2.017049
1.427481 0.469163
-0.940293 -0.496681
1.787005 2.923805
1.459705 1.039597
-1.957571 -1.267628
0.647889 0.970863
0.265747 -0.628778
-1.505446 -1.107920
-1.592324 -2.037429
-0.389800 -1.201008
-0.575751 0.298397
-1.616261 -1.808974
1.241267 2.780217
-0.112228 -0.898008
-1.812089 -2.682495
1.506916 2.212801
0.775755 -0.104625
-1.382547 -2.306146
-1.208554 1.661451
1.887603 2.701541
-1.905342 -1.197579
0.213682 -0.763399
1.299099 1.330295
0.791936 0.368132
0.752435 0.176992
-0.760584 -1.711138
-0.985208 -1.950902
-1.128674 -1.433405
-0.672748 -0.034740
0.307451 -0.623278
0.136022 -0.818721
-1.903649 -1.757859
0.415586 0.126749
-1.016956 -0.179645
0.693410 -0.123626
1.072268 3.544686
-0.839712 -0.218579
-1.128957 -1.856118
-0.769328 -1.732309
1.117163 1.822764
-1.761905 -1.236622
0.400254 -0.485983
0.179116 -0.730895
1.751418 1.685992
0.489451 0.782223
-1.646844 -1.017043
1.201206 2.699095
-1.871019 3.804510
-0.309215 -0.443440
-1.948360 1.847657
0.415525 0.411692
0.281229 -0.656986
-1.066080 -0.670353
-0.215794 -0.877352
0.722778 0.392994
-1.564148 -2.388429
0.989944 0.727505
-1.181796 -1.109398
0.975172 0.037041
-0.119377 -1.045156
0.388632 -0.531746
0.151364 -0.745056
0.862981 0.635663
-1.655527 -0.584837
-0.492385 -1.424003
-0.566520 -1.331299
-1.642725 -1.209849
0.823266 0.777059
-0.943757 -1.640196
-1.838569 -2.835887
0.986238 0.269730
-1.980853 -1.563633
-1.520049 -1.302986
0.387201 -0.342828
-0.086680 -1.033140
-1.911876 -2.162353
0.034500 -0.926586
-1.402356 -1.687516
-1.620116 -1.946648
0.120377 -0.868165
-1.820407 -1.161084
-1.479377 -1.335408
1.271013 0.291753
-1.216386 -2.084218
-1.063946 -1.906834
1.914524 0.915814
0.042859 -0.905212
-0.920502 -1.533071
-1.338567 -1.884952
1.561017 1.775348
1.656171 1.263413
-1.168608 -0.293341
-0.709280 -0.441010
-0.388169 -1.309990
-1.378470 0.988809
1.763097 4.921853
1.805870 1.576859
0.350344 -0.316064
1.232177 0.708269
-1.299617 -1.095552
-1.301384 -1.311317
-0.398842 -0.969713
0.684893 0.733514
-1.653275 -2.410144
1.045176 0.102578
1.063886 0.218798
-0.253295 -1.090415
1.236127 4.909662
-1.527942 -2.401413
-1.494748 0.055166
0.340131 -0.388114
-0.548890 -0.510194
-0.334420 -0.671018
-0.676881 -0.965762
1.116622 0.123786
-0.674652 -0.755696
0.502184 -0.026741
0.233798 -0.495996
-1.373362 0.439338
-1.466983 -2.166959
1.656715 2.591998
-0.848409 -0.896035
1.086988 0.351773
1.036202 0.342512
-0.875378 -1.235246
-0.258917 -1.153249
0.913805 -0.049632
0.446023 -0.078072
-0.297638 -1.288451
0.664492 0.502888
-0.270755 -1.226268
0.908056 0.664301
-0.169238 -0.909316
-1.901379 -2.718974
0.400093 -0.511635
0.741929 0.013460
1.360125 1.866889
-1.211092 0.686565
-1.735798 10.480136
0.474390 -0.100447
0.887171 0.085448
-1.317302 -1.228247
0.210387 -0.326373
0.616928 -0.127860
0.883975 0.216836
1.323521 0.340546
-0.951110 -1.734519
-1.707213 -0.050212
-1.028219 -1.962287
-1.069373 -2.011089
1.571363 1.217323
0.784448 0.776926
1.184513 0.408082
-0.741974 -1.159214
0.052753 -0.930023
1.452047 0.571421
1.783982 2.207446
-1.492081 1.544391
-1.967203 -2.057312
-1.193158 -1.829607
-1.454369 -1.274516
0.861539 0.518969
-1.115498 -0.477781
1.898191 1.208963
0.513241 -0.074357
0.128523 -0.697891
1.720044 5.907104
-0.119206 -1.001167
1.980345 2.428721
0.500030 0.156511
0.342149 -0.386694
0.796086 -0.118607
-1.863393 -2.639363
1.148654 2.112070
0.437385 -0.309065
-1.315579 -1.250631
1.382517 2.012408
1.996757 8.146461
-0.872504 -1.281834
-0.761368 -0.231811
0.466109 0.526108
0.675951 -0.167411
-1.468994 -1.457104
0.415789 -0.564827
-1.284441 -0.786736
-0.045704 -1.014650
0.629103 0.234107
-0.036913 -1.017236
1.238984 0.662131
-0.930660 -1.556216
1.074460 0.222883
-0.457135 -1.268188
0.949327 0.464875
1.825535 1.099855
-0.497941 -0.375890
1.027092 0.138764
0.862977 1.942116
-1.287560 0.087804
0.025176 -0.928148
1.724921 0.825024
0.979960 0.150871
0.892569 3.159259
-1.811443 -0.345767
1.714611 2.581346
-1.524081 -1.910376
1.566900 1.259919
-1.818426 -0.948465
0.539599 -0.189604
0.061359 -0.921118
-0.717247 -1.160391
-1.238709 -1.103067
0.584576 -0.338948
0.690469 1.431143
-0.085492 -0.984149
-0.299283 -1.048474
-0.175441 -0.843863
1.316597 3.309039
0.360403 -0.615634
1.829359 0.838151
0.156736 -0.835822
0.914374 -0.063703
0.763198 -0.016854
1.658189 6.187568
-1.834232 0.369809
-1.857004 -2.202517
-0.026922 -0.997091
-0.492975 -1.476714
-0.120889 -0.761452
1.361591 2.326944
-1.143570 -1.052637
-0.730492 -1.320246
-0.682399 -1.365408
-0.995975 -0.534100
0.920989 0.478446
1.450831 3.609683
1.425392 1.165287
-1.335653 -2.125939
-0.571453 -0.155348
-1.513008 -1.632164
1.001017 0.020400
0.751868 0.118829
0.488587 -0.490485
-0.180002 -1.100534
0.364617 -0.255648
1.701037 3.327040
1.011683 2.681852
-0.844125 -0.685816
-0.270567 -0.769943
1.782083 2.863928
-0.939060 -1.107360
-1.533828 -1.196523
0.697529 -0.258618
1.283977 0.932125
-1.794977 -0.131422
-0.510202 -1.263299
1.477682 2.889274
-0.853036 -1.099055
-1.790198 0.169275
1.858347 5.321544
1.083969 0.159617
0.701461 0.348729
-0.095475 -1.042731
0.375203 -0.200221
1.941572 4.456148
0.090469 -0.687302
-1.451608 -2.267568
-0.229426 -1.184251
-1.411175 -1.949912
0.562495 0.468280
-0.314815 -1.115894
-1.725171 -2.618451
-1.198969 -1.538976
-1.567045 -1.254203
-0.086674 -1.058618
-0.527425 -1.381982
1.413902 6.362999
0.773107 5.922752
-0.260024 -0.969401
-1.738148 1.086502
1.510397 2.925934
1.648726 2.173788
-1.109931 -1.077490
-1.749897 0.860016
0.971745 3.020602
1.874094 4.626572
0.314874 -0.372987
1.522738 1.776298
-1.268477 -1.256754
-0.680621 -1.302795
-0.405517 -0.490320
-0.945976 -1.241304
0.019564 -0.951372
-1.429631 -2.221217
-1.179688 -2.129802
0.048471 -0.892725
0.737890 1.653976
-0.177585 -1.170250
-1.067193 -1.197712
1.834943 1.389450
-1.560902 -0.673440
1.103341 0.733665
-1.405634 -1.663173
0.574647 -0.165758
-1.629518 -0.211243
1.532723 2.125011
1.335175 0.470877
-0.201759 -0.720466
1.971013 3.757793
0.345966 -0.047740
0.156533 -0.829132
-1.473815 -1.452506
-1.850096 -1.598900
-1.319246 -2.151037
0.183200 -0.196284
1.936580 2.648027
-1.882649 2.709166
-1.873170 0.160620
0.532439 -0.368459
1.761081 1.152058
1.423514 0.829151
1.235904 0.599271
0.450421 1.110985
0.965807 2.323378
0.660467 0.447423
-1.044849 -1.462456
1.556405 0.815598
1.054080 0.183386
-0.293405 -1.143912
-1.084756 -0.195099
-0.560746 -1.403710
1.798105 1.452724
0.979867 1.379080
1.906557 6.247882
-0.103206 -1.075876
0.501479 0.381740
-0.607984 -0.894624
0.586499 -0.337702
-1.126649 -1.625475
1.259396 0.688167
-0.508903 -1.501883
0.972778 1.237594
-0.943356 -1.621087
-1.879737 2.563330
-1.334494 -1.008189
1.460732 1.057285
1.624207 1.535121
-1.486810 -0.069642
0.558450 0.656334
0.615408 0.036209
-1.275734 -1.776258
-1.550025 -0.845017
-1.073056 -1.767339
-0.375036 -0.942501
1.389643 1.722099
0.770748 -0.020348
1.428248 1.564119
-1.687223 1.596616
0.507884 0.117287
-0.477038 -0.550646
0.024308 -0.849875
-1.364761 -1.807968
0.271791 -0.216253
0.153046 -0.698740
-1.369804 -1.801820
-1.169555 -0.136761
0.460312 0.568369
0.068739 -0.838050
0.382672 -0.345407
1.065624 1.437604
-1.294760 -1.814292
-0.527350 -1.337648
-0.719503 -1.062820
-0.745086 -1.434390
1.876951 7.716821
-1.109015 -1.732975
-0.540874 -0.932558
-0.003154 -0.998300
0.933789 0.470652
0.461918 0.281139
1.514296 1.108528
-1.122464 -0.965667
1.695980 2.991568
-0.398138 -1.353887
-0.733123 -1.051478
-1.185486 -1.375087
-0.916380 -1.664127
0.310377 -0.666489
1.341938 0.753983
0.099453 -0.853828
-0.837121 -1.750075
1.149768 2.845787
-1.982105 -1.465254
-1.063132 -1.402942
0.008277 -0.981398
0.573384 -0.171034
0.232597 -0.761007
-1.657782 -0.015314
-1.721266 -1.318899
1.695310 1.281877
1.764923 1.023196
-1.156244 -2.054327
-0.408703 -1.108035
1.127737 0.741556
-0.645947 -1.203756
-1.477370 -0.336514
-1.647066 1.004324
0.241262 -0.582239
1.300053 2.529191
1.920521 2.537119
-0.431000 -1.360310
0.278921 -0.318286
-1.918615 -0.250898
0.749888 0.083094
1.782653 2.173216
-0.996526 -1.605348
0.556782 0.247192
-0.423023 -1.414114
-0.836813 -1.552494
0.439981 -0.508835
-0.314531 -0.442292
0.127578 -0.493357
0.237099 -0.245357
-1.613683 -2.099637
-0.194137 -0.801775
0.418559 -0.536961
0.910937 1.814980
-0.180084 -1.120872
-0.956931 1.060676
-0.646839 -1.449032
-1.271988 -1.946243
-0.960637 -0.588515
0.256611 -0.315110
-1.759466 -2.505600
-0.534272 -1.170336
1.456983 1.018467
0.174568 -0.783676
1.543920 1.156154
0.997604 0.333690
0.800457 0.131617
1.108910 0.282747
0.587643 -0.090345
0.733258 0.458539
-0.870758 -1.563361
-0.759007 -1.696382
-0.600539 -1.035552
-0.696989 -1.254554
0.053537 -0.838388
-0.649260 -1.387330
1.793717 0.806595
0.973832 0.047733
1.366031 1.335501
0.004296 -0.994691
-1.495076 -2.300000
0.568626 -0.336905
0.043527 -0.928854
0.067411 -0.829985
-0.218009 -0.838923
-0.300735 -1.086559
-0.823948 -1.402486
0.134476 -0.762163
0.153890 -0.828593
1.150597 1.882222
-1.333178 0.727951
1.622762 2.166349
0.613898 0.735588
-1.185268 -2.051615
0.352546 -0.254952
-0.634909 -1.523441
0.010544 -0.980139
-1.271964 -0.021709
0.633974 1.587677
0.600411 -0.273474
-0.800329 -1.321762
-0.206168 -0.860774
0.563764 -0.168868
-0.404374 -0.747233
1.079705 0.375839
-1.327190 -0.368118
1.583590 2.947694
0.406755 -0.539277
0.397311 -0.258790
1.845079 9.569467
0.077335 -0.843236
1.449350 0.999728
-0.602253 -0.768073
1.366506 0.514669
-1.193026 0.469395
-1.959934 0.391374
-0.482081 -1.213447
-1.480315 -1.708895
1.562728 1.561930
1.417567 0.821535
-1.652707 0.694722
0.590971 0.342417
-1.965335 -0.470022
-0.014275 -0.994619
0.338860 -0.637176
-1.615843 -2.270741
-1.453533 1.806110
0.023055 -0.961829
-0.767392 -1.008525
0.618537 0.962610
0.873123 0.432034
-1.709138 -0.009322
-0.062162 -0.968356
1.630531 0.652329
0.022264 -0.961058
0.404867 -0.519471
1.208922 3.108730
1.573580 0.737735
0.873003 0.392489
0.414567 -0.307205
0.955700 4.408196
0.942432 0.337473
1.971925 1.685990
1.646713 5.051826
1.773798 1.580237
0.425361 0.294844
-1.286664 -0.638796
-1.872859 1.384576
0.771644 1.092578
-0.289680 -1.159111
0.980159 1.813325
-1.263194 -0.644050
0.415571 -0.039124
-0.044605 -1.034282
1.084597 0.765826
1.264721 0.621825
-0.717754 -1.705812
-0.898499 -1.133624
0.481578 -0.174898
-1.544375 -2.522094
1.059437 0.578372
-1.606931 -1.534259
1.726279 0.994988
0.831300 -0.072617
1.374733 0.626397
0.401176 0.036063
-0.135674 -0.831615
1.571484 0.750252
-0.360035 -1.290553
-0.455446 -0.623349
0.131498 -0.778721
0.905768 1.217755
-0.635827 -1.541698
0.761173 0.081397
1.263171 0.926019
-1.181770 -1.976991
-1.681100 -0.605314
1.242530 4.343805
0.594980 -0.129419
0.590227 1.042161
0.760685 0.507266
0.526041 -0.299308
-1.631957 4.042283
-0.294548 -1.220728
0.512209 0.496444
-0.992711 -0.418007
0.737473 0.151957
-1.661785 1.312120
1.911021 4.719079
1.598985 2.469419
-1.039424 -1.342706
-1.234987 -1.298776
1.400142 1.216532
0.800020 0.824072
0.726031 0.013275
-1.692009 -1.863876
1.777479 1.587345
0.212462 -0.647858
-1.926853 -0.827899
-0.214796 -1.018026
0.060206 -0.929334
-1.125218 -0.390100
-1.634499 -0.881043
0.857949 0.027160
1.752821 0.772523
-1.092462 -2.044840
-0.584585 -1.331789
0.174330 -0.809928
0.507725 0.117259
-1.437706 -1.262449
0.188489 -0.025547
0.533506 -0.174945
-0.973804 0.137765
-0.100542 -0.974357
1.173787 0.415863
1.542118 0.607703
-1.107207 -1.873353
-1.282344 -0.054806
1.821099 2.474803
-0.385725 -0.795938
1.287727 1.725979
-0.388204 -1.123575
1.585114 1.968037
-1.310030 0.348645
-1.870256 -0.356328
-1.115652 -0.467455
