94.0188 57.7397 11.6301 61.2932 62.6745 62.5995  33.828 63.1606 78.7861 105.647
49.4383 72.8871 34.2887 93.9112 86.9914 18.6056 107.063  13.928 26.5974  68.864
88.3099 46.4784 23.7232  71.264 50.0229 29.2214 100.221 53.7638 54.0105 75.7304
 89.844 61.3401 90.4177 39.6032 99.1529 76.3227  95.092 103.184 98.0075 95.8676
101.165 105.223 25.6679 73.7552 38.3315 99.0233 36.6666 103.081 92.9201  53.956
29.7551  101.62 50.0944 62.4287 45.2458 44.8893  63.976 82.0952 43.0337 102.397
43.5223 73.5712  22.979 59.3583 90.7725 16.4171 47.5207 38.4293 32.8968 49.8437
 86.823 81.7297 20.8809 107.278 101.903 12.0023 86.0249 83.8534 99.3372 91.4767
37.7775 24.1603 109.892 39.2517 16.9755 55.7702 61.2535 73.9979  45.036 78.4219
 65.397 70.6969 31.8257 87.1358 104.933 16.3096 76.7724 45.4049  78.667 101.097
